1830
-1384
2916
1721
840
142
-2482
-2896
-329
2097
358
1338
1286
1214
740
-2574
1219
2580
2973
1742
520
-2585
158
1571
1409
1816
2781
-231
2982
-1229
2258
1233
-1392
2888
1379
1246
1647
28
43
2551
103
2002
2498
-320
2579
-43
-103
-24
-287
-2720
-840
1092
752
-2793
2093
2424
751
-182
2928
382
-2424
-17
1404
2270
2716
1328
2651
2740
2988
1804
1984
966
633
1394
1336
917
239
2803
1430
-1084
2582
246
-2928
2836
2915
1189
606
1424
2496
2764
593
2799
2509
2940
2929
2885
1291
1823
-370
1418
1474
2892
1688
1252
386
-1379
1176
-980
-2509
1141
2397
-1409
-2781
-740
2924
1001
2555
2996
1144
2770
2953
2603
2816
2889
-752
330
1260
803
1095
2006
1900
1570
2904
618
-1151
1440
2234
2585
1443
688
2742
-1247
2313
-2120
1140
1438
1203
2800
697
1834
2890
2919
2379
1155
559
2899
182
2526
-1450
1739
230
2072
1333
2993
2534
112
452
-264
2583
582
2177
-2680
-28
126
1496
1632
2789
2931
-1311
-2924
2703
1597
2606
-1394
2902
-1595
1175
1332
1402
770
2906
2853
1167
2434
1180
2235
-2996
1765
-1252
-127
2190
-452
-1574
-770
1362
2992
1147
-2652
657
1166
-2916
1487
1060
-1474
-1785
-1804
758
-2520
-2002
264
353
348
1629
875
-2270
-2533
1020
2443
2546
1407
266
-1647
939
2528
2962
-1488
872
250
-2716
-1698
2354
2926
249
278
2945
1287
480
311
1045
1860
2910
417
2866
2452
1429
1205
1736
2045
610
2492
2488
2181
1506
2779
2719
2950
1592
1372
-987
-230
1327
1086
1073
41
1352
1091
2984
2852
1008
259
2743
2954
-1430
2384
2238
-1460
607
-1487
-1830
-2585
1864
2848
1861
654
2898
24
1360
1827
1255
1371
1885
1393
2307
1709
-1214
2958
1569
687
2865
510
-2496
542
2000
1637
-2434
346
2790
2055
97
2908
1320
163
1331
-2997
154
2593
2989
292
-618
2734
-1404